kGT = [177.627276191300012 177.644653056900012 178.814720197300005 123.179945039399996 0.966722490500000];


camsGT = [
1 1 1.000000000000000 0.000000000000000 0.000000000000000 0.000000000000000 0.000000000000000 1.000000000000000 0.000000000000000 0.000000000000000 0.000000000000000 0.000000000000000 1.000000000000000 0.000000000000000 0.000000000000000 0.000000000000000 0.000000000000000 1.000000000000000
2 0 1.000000000000000 0.000000000000000 0.000000000000000 0.000000000000000 0.000000000000000 1.000000000000000 0.000000000000000 0.000000000000000 0.000000000000000 0.000000000000000 1.000000000000000 0.000000000000000 -0.625000000000000 0.000000000000000 0.000000000000000 1.000000000000000
3 0 1.000000000000000 0.000000000000000 0.000000000000000 0.000000000000000 0.000000000000000 1.000000000000000 0.000000000000000 0.000000000000000 0.000000000000000 0.000000000000000 1.000000000000000 0.000000000000000 -0.750000000000000 0.487500000000000 0.000000000000000 1.000000000000000
4 0 1.000000000000000 0.000000000000000 0.000000000000000 0.000000000000000 0.000000000000000 1.000000000000000 0.000000000000000 0.000000000000000 0.000000000000000 0.000000000000000 1.000000000000000 0.000000000000000 -0.150000000000000 0.500000000000000 0.000000000000000 1.000000000000000
5 0 1.000000000000000 0.000000000000000 0.000000000000000 0.000000000000000 0.000000000000000 1.000000000000000 0.000000000000000 0.000000000000000 0.000000000000000 0.000000000000000 1.000000000000000 0.000000000000000 0.475000000000000 0.500000000000000 0.000000000000000 1.000000000000000
6 0 1.000000000000000 0.000000000000000 0.000000000000000 0.000000000000000 0.000000000000000 1.000000000000000 0.000000000000000 0.000000000000000 0.000000000000000 0.000000000000000 1.000000000000000 0.000000000000000 0.750000000000000 0.162500000000000 0.000000000000000 1.000000000000000
7 0 1.000000000000000 0.000000000000000 0.000000000000000 0.000000000000000 0.000000000000000 1.000000000000000 0.000000000000000 0.000000000000000 0.000000000000000 0.000000000000000 1.000000000000000 0.000000000000000 0.300000000000000 0.000000000000000 0.000000000000000 1.000000000000000
];


ptosGT = [
8 -0.500000000000000 -0.500000000000000 2.000000000000000
9 -0.500000000000000 -0.500000000000000 4.000000000000000
10 -0.500000000000000 0.500000000000000 2.000000000000000
11 -0.500000000000000 0.500000000000000 4.000000000000000
12 -0.250000000000000 0.000000000000000 2.000000000000000
13 -0.250000000000000 0.500000000000000 2.000000000000000
14 0.000000000000000 -1.000000000000000 2.500000000000000
15 0.000000000000000 -1.000000000000000 3.500000000000000
16 0.250000000000000 0.000000000000000 2.000000000000000
17 0.250000000000000 0.500000000000000 2.000000000000000
18 0.500000000000000 -0.500000000000000 2.000000000000000
19 0.500000000000000 -0.500000000000000 4.000000000000000
20 0.500000000000000 0.500000000000000 2.000000000000000
21 0.500000000000000 0.500000000000000 4.000000000000000
22 1.500000000000000 -0.500000000000000 5.000000000000000
23 1.500000000000000 -0.500000000000000 6.000000000000000
24 1.500000000000000 0.500000000000000 5.000000000000000
25 1.500000000000000 0.500000000000000 6.000000000000000
26 2.000000000000000 -1.000000000000000 5.500000000000000
27 3.000000000000000 -1.000000000000000 5.500000000000000
28 3.500000000000000 -0.500000000000000 5.000000000000000
29 3.500000000000000 -0.500000000000000 6.000000000000000
30 3.500000000000000 0.000000000000000 5.250000000000000
31 3.500000000000000 0.000000000000000 5.750000000000000
32 3.500000000000000 0.500000000000000 5.000000000000000
33 3.500000000000000 0.500000000000000 5.250000000000000
34 3.500000000000000 0.500000000000000 5.750000000000000
35 3.500000000000000 0.500000000000000 6.000000000000000
36 -2.000000000000000 -0.500000000000000 7.000000000000000
37 -2.000000000000000 0.500000000000000 7.000000000000000
38 -2.000000000000000 -0.500000000000000 5.000000000000000
39 -2.000000000000000 0.500000000000000 5.000000000000000
40 -1.750000000000000 0.000000000000000 7.000000000000000
41 -1.750000000000000 0.500000000000000 7.000000000000000
42 -1.500000000000000 -1.000000000000000 6.500000000000000
43 -1.500000000000000 -1.000000000000000 5.500000000000000
44 -1.250000000000000 0.000000000000000 7.000000000000000
45 -1.250000000000000 0.500000000000000 7.000000000000000
46 -1.000000000000000 -0.500000000000000 7.000000000000000
47 -1.000000000000000 0.500000000000000 7.000000000000000
48 -1.000000000000000 -0.500000000000000 5.000000000000000
49 -1.000000000000000 0.500000000000000 5.000000000000000
];


