# name: Hpp
# type: sparse matrix
# nnz: 36
# rows: 6
# columns: 6

1 1 1.77669237e+13
2 1 2106.04154
3 1 -6244.18677
4 1 -1292.72027
5 1 291559.147
6 1 78281.1073
1 2 2106.04154
2 2 1.77669237e+13
3 2 28515.301
4 2 -285308.115
5 2 1293.70972
6 2 17074.1482
1 3 -6244.18677
2 3 28515.301
3 3 1.77669236e+13
4 3 -76321.1896
5 3 -16714.7201
6 3 -0.974421294
1 4 -1292.72027
2 4 -285308.115
3 4 -76321.1896
4 4 1.77669244e+13
5 4 7365.5042
6 4 -42681.0484
1 5 291559.147
2 5 1293.70972
3 5 -16714.7201
4 5 7365.5042
5 5 1.77669244e+13
6 5 193765.471
1 6 78281.1073
2 6 17074.1482
3 6 -0.974421294
4 6 -42681.0484
5 6 193765.471
6 6 1.77669237e+13
